    108 0
     23 1
     17 2
   1569 3
    271 4
    900 5
   9159 6
    172 7
   1846 8
   5824 9
    629 10
   1018 11
    184 12
    532 13
    414 14
      3 15
     41 16
     61 17
    263 18
    405 19
    435 20
    408 21
    275 22
    508 23
    317 24
    445 25
    318 26
    306 27
   1373 28
    279 29
     70 30
     43 31
    308 32
    218 33
    136 34
    348 35
    125 36
    827 37
    162 38
     35 39
     51 40
     94 41
     61 42
    654 43
     25 44
     28 45
    136 46
    177 47
     47 48
    206 49
    192 50
     41 51
    658 52
     58 53
    389 54
    159 55
     31 56
    177 57
     85 58
     17 59
    196 60
     23 61
    602 62
    158 63
    351 64
     49 65
    118 66
    293 67
      2 68
     31 69
    404 70
     17 71
     58 72
     26 73
     12 74
    163 75
    123 76
     47 77
     60 78
   1152 79
    516 80
     78 81
     29 82
    250 83
     47 84
    928 85
    208 86
     16 87
     52 88
      4 89
     59 90
      4 91
     11 92
    209 93
    122 94
    108 95
    189 96
    278 97
      5 98
    212 99
     60 100
    745 101
    229 102
     15 103
    218 104
     53 105
     95 106
     25 107
     24 108
     11 109
     86 110
     18 111
      8 112
     34 113
    724 114
     25 115
    727 116
     13 117
   2042 118
    168 119
    109 120
     84 121
     27 122
     37 123
     79 124
    330 125
     44 126
     47 127
      8 128
    391 129
     35 130
    370 131
    171 132
     26 133
    730 134
     78 135
      1 136
    105 137
     27 138
    331 139
    108 140
    771 141
    169 142
     34 143
     34 144
    116 145
    848 146
     55 147
